[header]
width=96
height=8
tilewidth=30
tileheight=30

[tilesets]
tileset=../Tilesets/snowfull.gif,30,30,0,0

[layer]
type=Tile Layer 1
data=
23,5,0,0,0,0,0,0,0,0,0,0,0,0,0,0,0,0,0,0,0,0,0,0,0,0,0,0,0,0,0,0,0,0,0,0,0,0,0,0,0,0,0,0,0,0,0,0,0,0,0,0,0,0,0,0,0,0,0,0,0,0,0,0,0,0,0,0,0,0,0,0,0,0,0,0,0,0,0,0,0,0,0,0,0,0,0,0,0,0,0,0,0,0,4,23,
23,5,0,0,0,0,0,0,0,0,0,0,0,0,0,0,0,0,0,0,0,0,0,0,0,0,0,0,0,0,0,0,0,0,0,0,0,0,0,0,0,0,0,0,0,0,0,0,0,0,0,0,0,0,0,0,0,0,0,0,0,0,0,0,0,0,0,0,0,0,0,0,0,0,0,0,0,0,0,0,0,0,0,0,0,0,0,0,0,0,0,0,0,0,4,23,
23,5,0,0,0,0,0,0,0,0,0,0,0,0,0,0,0,0,0,0,0,0,0,0,0,0,0,0,0,0,0,0,0,0,0,0,0,0,0,0,0,0,0,0,0,0,0,0,0,0,0,0,0,0,0,0,0,0,0,0,0,0,0,0,0,0,0,0,0,0,0,0,0,0,0,0,0,0,0,0,0,0,0,0,0,0,0,0,0,0,0,0,0,0,4,23,
23,5,0,0,0,0,0,0,0,0,0,0,0,0,0,0,0,0,10,0,0,0,24,25,26,0,0,11,0,0,0,0,0,0,0,0,0,0,0,0,0,0,0,0,0,0,0,0,0,0,0,0,0,0,0,0,0,0,0,0,0,0,0,0,0,0,0,0,0,0,0,0,0,0,0,0,0,0,0,0,0,0,0,0,0,0,0,0,0,0,0,0,0,0,4,23,
23,5,0,0,0,0,0,0,0,0,0,0,0,0,0,0,0,24,26,0,0,0,0,0,0,0,2,22,3,0,0,0,0,0,0,0,0,0,0,0,0,0,0,0,0,0,0,0,0,0,0,0,0,0,0,0,0,0,0,0,0,0,0,0,0,0,0,0,0,0,0,0,0,0,0,0,0,0,2,22,3,2,22,3,0,0,0,0,0,0,0,0,0,0,4,23,
23,5,0,0,0,0,0,0,0,0,24,26,0,0,0,0,0,0,0,0,0,0,0,0,0,0,4,23,5,0,0,0,0,0,0,0,0,0,0,0,0,0,0,0,0,0,0,0,0,0,0,0,0,0,0,0,0,0,0,0,0,0,0,0,0,0,0,0,0,0,0,0,0,0,0,0,0,2,22,7,5,4,6,22,3,0,0,0,0,0,0,24,26,0,4,23,
23,5,0,0,0,0,0,0,0,0,0,0,0,0,0,0,0,0,0,0,0,0,0,0,0,2,22,8,22,3,0,0,0,0,0,0,0,0,0,0,0,0,0,0,0,0,0,0,0,2,22,22,22,22,22,22,22,22,22,22,22,3,0,0,0,0,0,0,0,0,0,0,0,0,0,0,2,22,7,23,5,4,23,6,22,3,0,0,0,0,0,0,0,0,4,23,
6,22,22,22,22,22,22,22,22,22,22,22,22,22,22,22,22,22,22,22,22,22,22,22,22,22,7,23,6,22,22,22,22,22,22,22,22,22,3,0,2,22,22,22,22,22,22,22,22,22,23,23,23,23,23,23,23,23,23,23,23,5,0,0,0,0,0,2,22,22,22,22,22,22,3,2,22,7,23,23,5,4,23,23,6,22,22,22,22,22,22,22,22,22,22,7

